NAME = AISearchfile175,
SIZE = 175,
276,345,264,333,294,320,305,354,333,269,134,326,229,333,162,196,241,234,314,196,333,256,309,193,354,294,333,335,202,291,333,325,294,202,282,361,276,189,340,347,248,311,293,262,296,333,336,219,167,254,185,196,134,291,202,333,276,274,340,274,294,303,328,303,256,196,167,189,340,196,282,294,283,294,314,124,149,224,203,333,280,266,333,294,347,276,294,213,357,333,333,145,113,298,213,311,333,304,220,162,169,254,276,309,333,269,276,335,220,266,276,276,304,245,303,289,296,177,312,262,325,294,289,333,202,193,130,224,333,287,241,333,213,333,336,213,333,334,262,294,177,347,333,354,333,333,326,149,276,113,314,276,134,196,294,333,193,220,220,319,276,229,330,159,294,234,241,220,333,196,220,333,276,319,
321,289,261,158,294,279,336,240,233,261,300,239,204,239,239,160,329,288,329,209,276,283,211,344,152,207,310,202,265,204,299,232,202,329,336,181,276,315,322,289,344,266,370,344,278,312,289,261,217,261,329,261,265,202,308,143,329,329,289,129,277,303,277,344,329,276,215,315,329,344,256,252,247,288,276,261,344,289,308,249,276,204,137,329,126,129,276,333,300,344,261,276,289,215,285,204,278,344,239,261,249,139,283,293,233,238,310,344,344,276,136,329,276,277,329,276,261,286,370,299,175,329,204,289,216,289,276,204,289,216,204,249,204,312,329,204,309,370,172,249,322,218,329,204,250,329,289,194,276,370,224,276,329,132,285,211,344,344,293,222,266,305,266,261,289,169,344,204,329,344,204,209,293,
287,211,346,258,185,333,232,239,331,258,276,361,363,299,298,326,208,345,373,274,258,331,341,298,264,208,299,236,281,208,240,342,326,207,282,303,258,207,287,341,205,368,341,207,133,287,317,255,305,352,331,211,352,207,301,326,326,287,327,189,141,211,341,359,372,347,207,326,341,216,220,225,208,337,324,341,294,258,223,274,333,336,326,311,318,288,130,207,341,326,352,287,288,258,274,274,341,342,316,255,304,179,207,239,234,208,341,341,274,336,326,274,236,326,274,310,174,368,208,355,326,347,295,377,357,280,367,287,377,319,288,354,154,326,311,130,368,288,310,258,254,207,340,222,326,366,274,338,368,248,359,331,308,207,310,341,341,165,250,276,258,321,211,287,290,372,326,326,366,304,263,258,
345,307,205,258,258,345,211,243,215,181,345,284,193,258,177,211,264,345,121,187,243,258,307,345,229,220,181,345,213,307,259,177,345,289,199,236,345,128,202,289,246,202,345,307,169,221,211,203,273,243,208,273,345,289,177,236,121,307,289,307,208,202,280,295,266,345,199,202,307,289,307,211,251,232,202,185,226,211,121,345,307,247,289,307,175,287,345,226,235,273,171,208,192,345,179,253,259,219,170,289,307,345,220,289,229,232,202,128,289,179,132,181,177,169,211,289,246,213,307,177,345,187,301,278,164,345,148,301,345,175,345,258,177,345,289,246,307,211,247,345,345,345,345,215,287,289,253,246,289,280,243,307,345,211,211,202,307,289,155,221,227,307,146,258,295,345,221,287,345,289,204,
289,320,246,385,134,284,320,320,304,305,308,304,246,378,284,378,320,333,320,284,391,227,177,284,277,304,203,284,177,285,378,234,204,333,320,213,345,391,204,416,391,134,196,345,320,284,320,378,320,286,296,189,233,378,378,345,269,204,180,286,391,378,333,290,202,378,391,177,204,177,284,333,320,391,345,320,284,333,275,279,378,247,256,333,229,177,391,320,333,345,286,320,191,333,391,304,320,312,236,177,167,277,204,284,391,391,333,279,378,333,304,378,333,320,204,416,284,299,378,290,345,325,345,333,313,345,325,257,312,298,246,378,247,204,416,213,312,320,167,224,283,113,378,345,204,333,416,204,333,378,241,149,284,391,391,177,204,324,320,324,177,345,246,391,268,378,391,236,204,320,
320,305,354,274,269,279,326,263,177,263,263,198,345,314,345,177,294,309,236,359,198,245,335,227,292,222,325,269,227,345,361,222,294,340,347,307,359,293,384,359,304,336,307,279,254,279,345,279,292,227,333,191,345,345,307,143,303,328,303,359,345,294,240,340,345,359,285,283,279,314,294,279,359,307,333,280,294,177,126,347,176,167,294,357,326,359,279,294,307,240,312,233,304,359,263,279,270,187,309,319,269,273,335,359,359,294,129,345,294,303,345,297,279,313,384,325,126,345,177,307,236,307,294,177,307,187,177,270,177,336,345,177,334,384,213,270,347,256,354,177,282,345,307,233,294,384,261,294,345,181,312,236,359,359,319,259,284,330,284,289,307,209,359,177,345,359,187,247,319,
220,229,320,199,305,107,241,335,337,271,270,236,170,320,349,214,128,305,241,279,320,170,271,164,320,170,279,316,218,320,261,275,147,320,221,241,261,305,241,320,279,251,290,216,278,327,305,166,327,320,274,218,218,191,300,261,279,166,241,334,348,321,320,275,241,279,261,279,170,310,297,246,266,133,180,203,320,310,218,284,290,257,258,320,241,299,327,154,257,118,320,136,312,316,288,216,276,279,320,199,261,170,297,241,187,310,218,225,138,218,152,283,261,297,170,329,218,321,268,354,331,246,342,171,354,320,257,328,220,257,320,261,278,279,283,165,320,320,320,320,218,341,261,312,278,261,334,305,280,320,283,283,268,279,261,241,128,294,279,236,261,348,320,290,341,320,261,70,
308,246,175,290,220,220,321,323,252,250,300,166,305,335,241,220,290,316,250,246,169,252,196,246,166,187,301,300,246,227,257,220,246,258,316,160,345,316,246,187,258,275,194,261,313,290,170,313,246,256,300,300,258,285,160,187,170,316,320,334,307,246,300,316,187,160,187,166,296,283,316,258,220,166,241,291,295,300,269,275,241,205,246,316,285,313,258,236,220,246,241,316,301,274,208,259,187,246,175,171,169,316,316,241,295,300,241,196,300,241,268,160,345,166,315,300,306,258,340,318,241,328,258,340,277,236,314,170,300,269,167,345,236,268,220,246,246,299,246,300,327,216,298,345,185,320,300,265,246,268,316,316,187,187,227,220,279,187,258,240,334,284,300,327,259,202,220,
385,274,340,229,285,385,370,308,308,282,274,354,385,266,229,340,111,352,385,274,308,251,385,274,352,350,234,385,336,311,229,385,272,189,336,340,213,385,352,292,326,274,314,361,340,271,361,385,336,245,134,245,352,336,352,271,266,367,379,355,385,311,234,352,336,352,274,345,333,289,303,229,274,256,385,352,113,336,352,296,333,385,149,335,361,211,296,229,385,208,347,350,324,268,336,352,385,280,336,274,333,256,242,344,202,274,251,224,213,319,336,333,274,363,224,385,304,385,365,289,385,226,385,385,296,385,308,296,385,336,296,352,319,229,385,385,385,385,167,373,336,347,185,336,367,340,352,385,319,319,304,352,336,285,229,329,352,282,308,379,385,326,373,385,336,229,
284,320,320,304,290,304,304,246,378,284,378,305,333,320,284,391,206,149,284,277,304,179,284,177,277,378,256,204,333,320,234,345,391,204,416,391,167,218,345,320,284,320,378,320,286,282,213,211,378,378,345,249,204,205,286,391,378,333,286,224,378,391,177,204,177,284,333,320,391,345,320,284,333,257,263,378,225,234,333,250,202,391,320,333,345,286,320,169,333,391,304,320,312,215,177,189,277,204,284,391,391,333,263,378,333,304,378,333,320,204,416,284,284,378,275,345,310,345,333,298,345,310,236,312,283,246,378,225,214,416,189,312,320,134,245,268,113,378,345,204,333,416,204,333,378,220,177,284,391,391,189,204,324,320,324,177,345,246,391,247,378,391,215,204,320,
248,209,165,285,288,200,198,266,189,269,300,193,181,248,283,236,284,224,200,149,284,207,236,264,266,284,211,205,231,284,211,283,211,314,283,284,236,211,227,128,209,277,248,149,277,284,211,266,266,211,241,211,236,172,283,284,299,271,284,266,283,236,211,236,189,256,238,283,211,220,128,193,284,256,266,218,236,193,257,284,283,241,277,211,181,185,284,193,283,264,225,154,211,236,284,99,211,224,283,283,193,256,266,193,172,266,193,216,211,314,207,279,266,284,211,305,282,193,293,211,305,284,181,284,225,266,284,222,314,236,216,241,284,284,284,284,266,291,211,259,314,211,284,266,236,284,216,283,283,236,211,177,216,232,236,211,185,299,284,266,291,284,211,198,
311,207,320,172,172,220,218,299,218,320,234,294,170,340,279,320,321,179,277,320,310,279,179,266,347,261,167,326,333,227,296,278,278,282,320,322,197,134,232,162,218,70,277,179,320,261,256,326,256,279,288,314,288,241,218,189,166,326,218,266,279,268,279,299,125,113,241,178,319,264,245,320,279,333,261,279,189,343,320,319,102,149,283,189,296,320,289,241,128,137,232,261,294,320,248,261,321,241,245,258,261,289,224,288,274,282,149,298,278,310,279,274,320,177,200,162,202,320,272,220,320,189,320,322,218,320,320,278,279,149,333,320,340,320,320,311,177,261,125,299,261,167,218,279,320,170,241,241,304,261,207,316,128,279,213,220,241,320,218,241,320,261,304,
250,341,343,278,277,245,170,326,355,224,139,311,241,279,320,170,278,174,320,170,279,322,218,320,261,282,134,320,231,241,261,311,241,320,279,260,296,225,284,333,311,174,333,320,280,218,218,202,307,261,279,166,241,340,354,327,320,282,241,279,261,279,170,317,304,256,273,113,191,213,320,316,218,290,297,266,258,320,241,306,333,164,266,134,320,149,319,322,295,225,283,279,320,209,261,170,304,241,198,316,218,234,152,218,167,289,261,304,170,335,218,327,274,360,337,256,348,180,360,320,266,334,220,266,320,261,278,279,289,149,320,320,320,320,218,347,261,319,278,261,340,311,287,320,289,289,274,279,261,250,96,300,279,245,269,354,320,296,347,320,261,113,
304,255,149,196,240,232,240,304,162,225,207,285,263,304,264,150,200,304,248,263,224,240,304,239,162,270,304,181,262,239,294,262,304,266,181,183,139,165,240,207,200,240,304,239,240,270,181,263,239,263,216,262,250,270,231,304,240,262,263,239,263,232,215,196,262,181,261,181,162,304,263,278,239,263,162,289,304,262,199,240,209,128,229,304,218,262,224,180,139,239,263,304,165,239,264,262,262,175,239,240,162,216,240,207,172,239,294,248,263,240,304,181,277,247,162,304,192,277,304,128,304,266,240,304,262,294,263,172,278,304,304,304,304,250,261,239,218,294,239,250,240,263,304,172,262,262,263,239,136,257,189,263,181,196,270,304,240,262,304,239,240,
304,304,246,378,329,378,134,333,325,284,391,222,268,350,277,308,245,340,285,277,378,374,245,333,355,362,345,391,309,416,391,320,351,345,320,284,320,378,320,308,277,348,216,378,378,345,177,319,343,319,391,378,333,286,355,378,391,301,299,295,329,333,320,391,345,348,296,333,167,177,378,204,191,333,371,341,391,320,333,345,286,327,255,333,391,304,320,312,213,324,334,285,289,350,391,391,333,204,378,333,319,378,333,320,328,416,340,177,378,134,345,284,345,333,113,345,246,189,312,113,351,378,201,349,416,236,312,362,275,368,149,298,378,345,255,333,416,279,333,378,207,327,284,391,391,334,278,324,345,324,305,345,246,391,177,378,391,213,269,334,
223,225,261,332,240,304,278,327,172,370,263,304,353,223,310,304,342,288,150,300,376,248,218,357,364,273,329,311,294,315,322,354,246,196,277,215,240,172,310,150,350,239,293,357,293,263,321,345,321,278,240,162,138,357,240,300,304,301,298,332,163,183,262,230,350,299,285,304,263,364,239,263,239,373,343,350,179,162,317,239,329,304,322,262,149,198,277,239,327,336,288,291,353,262,285,295,239,322,270,321,308,315,207,330,294,342,263,308,304,229,139,181,250,304,306,196,304,239,304,354,240,304,351,294,263,207,364,304,370,304,304,343,181,259,162,332,281,162,240,263,329,207,262,262,336,280,255,347,189,307,261,236,262,304,240,262,304,271,336,
196,240,264,240,304,183,257,172,308,263,304,288,150,232,304,277,263,189,240,315,239,162,293,304,181,262,239,294,262,304,289,181,141,181,127,240,172,232,207,304,239,240,293,207,263,248,280,248,262,240,240,198,304,240,262,263,239,263,264,179,159,262,181,285,216,196,304,263,300,239,263,162,311,304,285,163,207,242,128,261,304,250,262,189,138,181,239,263,304,200,239,288,262,262,210,239,250,172,248,240,240,128,262,294,277,263,240,304,181,248,215,162,304,226,248,304,128,304,289,240,304,286,294,263,128,300,304,308,304,304,278,229,239,183,294,239,218,240,263,304,132,262,262,270,239,149,282,149,263,181,196,262,304,240,262,304,239,270,
300,263,300,246,241,256,174,316,187,246,287,154,231,246,275,198,191,300,314,160,241,292,299,258,316,232,345,316,249,288,258,220,179,220,300,220,231,209,284,160,300,300,258,187,247,279,247,316,300,241,200,292,300,316,222,218,213,263,241,220,316,258,284,215,241,246,187,300,160,187,241,310,277,316,220,241,258,170,259,246,249,316,196,220,208,160,256,269,198,203,287,316,316,241,180,300,241,247,300,241,220,261,345,275,213,300,246,258,250,258,241,246,258,250,246,208,246,288,300,246,285,345,187,208,299,246,307,246,246,300,258,160,241,345,187,241,300,187,259,166,316,316,269,185,227,281,227,227,258,113,316,246,300,316,246,172,269,
266,234,378,196,220,266,282,345,378,266,272,240,378,266,345,272,177,378,329,196,266,378,177,224,329,213,202,378,345,177,218,266,218,245,218,263,272,378,329,167,266,177,345,329,345,263,134,255,274,263,378,167,177,345,329,345,266,221,218,127,177,256,266,196,378,345,274,329,345,196,326,378,256,218,245,204,263,224,378,213,224,240,218,230,329,345,378,272,329,266,202,149,196,329,213,196,240,189,202,218,329,202,266,345,189,378,177,280,252,196,378,186,300,378,230,378,300,134,378,329,187,345,230,274,378,378,378,378,245,266,329,224,227,329,255,213,345,378,266,177,149,345,329,211,251,211,345,177,300,274,378,189,266,378,329,234,
314,343,205,170,299,283,263,284,149,264,149,284,128,236,310,266,284,240,269,170,284,213,283,211,314,283,284,236,242,284,207,272,321,299,149,321,284,268,266,266,211,294,211,236,128,283,328,342,315,284,269,283,236,211,236,70,304,291,283,258,170,172,194,300,304,266,278,284,248,208,284,283,293,321,211,248,170,284,193,306,310,283,207,270,236,284,189,211,149,291,283,193,304,266,216,132,266,193,277,211,314,128,324,266,315,259,348,326,238,336,211,348,285,248,322,166,266,284,211,314,249,277,174,284,284,308,284,266,335,229,306,314,211,328,299,274,284,277,283,283,236,211,232,170,288,236,227,252,342,293,284,335,284,215,170,
378,256,309,266,354,345,378,335,272,291,378,325,345,272,282,378,329,196,340,378,248,311,329,187,296,378,345,219,218,266,218,113,218,291,272,378,329,274,340,274,345,329,345,303,256,134,196,263,378,189,282,345,329,345,314,196,218,224,203,333,280,266,378,345,347,329,345,213,357,378,333,218,196,298,263,311,378,304,127,240,218,254,329,345,378,272,329,335,149,266,276,329,304,245,303,289,296,218,329,187,325,345,289,378,202,266,177,224,378,287,300,378,230,378,336,213,378,334,213,345,230,347,378,378,378,378,326,177,329,196,314,329,196,134,345,378,266,177,202,345,329,229,330,211,345,234,300,167,378,167,149,378,329,319,
333,339,284,391,243,283,364,277,322,266,354,300,277,378,387,266,333,368,374,345,391,323,416,391,334,365,345,320,289,320,378,320,322,277,362,237,378,378,345,199,333,357,333,391,378,333,286,368,378,391,316,314,310,343,333,320,391,345,362,311,333,189,182,378,223,214,333,383,355,391,320,333,345,286,341,274,334,391,304,320,312,234,338,348,300,304,364,391,391,333,204,378,333,333,378,333,320,342,416,354,177,378,167,345,284,345,333,113,345,246,213,312,149,365,378,223,363,416,257,312,374,290,380,177,313,378,345,274,333,416,294,333,378,229,341,284,391,391,348,293,324,359,324,320,345,254,391,201,378,391,234,284,348,
198,234,266,294,333,238,202,170,333,222,294,250,196,333,276,189,245,333,121,220,276,262,220,333,294,157,213,193,194,266,234,189,266,333,276,196,245,134,294,276,294,189,220,274,289,258,333,196,220,294,276,294,205,242,224,220,176,234,193,113,333,294,256,276,294,167,274,333,234,226,266,179,189,202,333,189,245,250,211,143,276,294,333,202,276,238,224,220,138,276,196,113,187,196,177,202,276,262,222,294,196,333,177,295,272,149,333,163,295,333,167,333,241,196,333,276,262,294,202,256,333,333,333,333,224,281,276,245,262,276,274,234,294,333,202,220,220,294,276,141,230,218,294,134,241,289,333,213,281,333,276,213,
294,241,279,320,170,257,139,320,170,279,305,218,320,261,263,170,320,205,241,261,294,241,320,279,235,279,200,266,316,294,166,316,320,261,218,218,174,289,261,279,166,241,323,337,310,320,263,241,279,261,279,170,299,286,241,251,155,170,185,320,299,218,273,279,241,258,320,241,288,316,154,241,84,320,125,301,305,278,200,264,279,320,181,261,170,286,241,171,299,218,209,127,218,130,272,261,286,170,319,218,320,252,343,321,231,332,154,343,320,241,320,220,241,320,261,278,279,272,181,320,320,320,320,218,330,261,301,278,261,323,294,279,320,272,272,252,279,261,225,148,283,279,220,245,337,320,279,330,320,261,126,
340,236,284,321,172,277,284,310,248,128,266,347,211,193,326,333,227,296,278,314,283,289,322,211,170,232,170,266,170,277,149,319,211,266,326,256,236,288,314,288,283,266,193,137,326,266,283,270,268,262,299,193,170,283,211,319,264,245,284,236,333,211,236,193,343,311,319,170,193,283,189,296,284,289,283,132,170,232,211,294,304,248,254,321,283,283,258,211,289,224,288,274,282,170,298,314,310,236,274,284,211,200,211,202,284,272,200,284,189,284,322,266,284,320,314,236,154,333,284,340,284,284,311,211,211,193,314,239,193,266,236,296,149,283,283,304,238,207,316,177,274,213,185,283,284,266,283,284,225,304,
359,391,283,308,262,391,283,359,350,234,391,344,311,241,391,272,189,344,340,213,391,359,292,326,283,314,361,340,280,361,391,344,245,134,245,359,344,359,280,266,367,379,355,391,311,234,359,344,359,283,345,333,289,303,241,283,256,391,359,127,344,359,296,341,391,149,335,361,211,296,241,391,220,347,350,324,268,344,359,391,289,344,283,333,256,242,344,202,274,262,224,220,319,344,333,283,363,224,391,304,385,365,289,391,226,385,391,296,391,316,296,391,344,296,359,319,241,391,391,391,391,167,373,344,347,185,344,367,340,359,391,319,319,304,359,344,285,241,329,359,282,316,379,391,326,373,391,344,241,
177,287,227,263,177,275,198,227,345,314,137,294,292,299,307,359,232,384,359,249,288,307,279,236,279,345,279,240,227,284,129,345,345,307,167,247,279,247,359,345,294,240,292,345,359,222,218,213,263,294,279,359,307,284,236,294,177,181,345,132,143,294,310,277,359,279,294,307,240,279,177,294,359,263,279,270,129,256,269,227,203,287,359,359,294,180,345,294,263,345,294,279,261,384,275,213,345,199,307,250,307,294,232,307,250,177,270,211,288,345,177,285,384,126,270,299,181,307,187,217,345,307,153,294,384,187,294,345,126,259,236,359,359,269,185,284,281,284,227,307,187,359,177,345,359,177,172,279,
284,277,304,137,284,177,277,378,282,204,333,320,266,345,391,204,416,391,202,250,345,320,284,320,378,320,286,277,245,204,378,378,345,217,204,238,286,391,378,333,286,256,378,391,177,204,177,284,333,320,391,345,320,284,333,225,231,378,204,202,333,278,234,391,320,333,345,286,320,119,333,391,304,320,312,204,209,224,277,204,284,391,391,333,231,378,333,304,378,333,320,214,416,284,259,378,247,345,288,345,333,275,345,288,203,312,257,250,378,191,246,416,177,312,320,113,274,236,167,378,345,204,333,416,204,333,378,185,213,284,391,391,223,204,324,320,324,177,345,246,391,215,378,391,179,204,320,
288,189,284,128,236,332,266,284,270,291,170,284,245,283,211,321,283,284,236,272,306,240,294,342,321,189,342,284,290,266,266,216,316,211,236,172,283,349,363,336,284,291,283,236,211,236,149,326,314,283,283,170,207,227,322,326,266,300,307,277,208,284,283,316,342,211,277,170,284,193,328,332,305,240,293,236,284,224,218,70,314,283,214,326,266,248,172,266,193,299,211,314,128,345,266,336,284,368,347,269,357,211,368,308,277,343,166,277,300,211,314,277,299,170,284,284,329,284,266,356,261,328,314,233,349,321,297,284,299,299,284,236,234,264,170,310,236,259,279,363,315,306,356,293,247,170,
232,277,277,227,189,272,315,202,202,293,300,220,289,234,320,289,277,289,220,179,181,179,272,179,232,207,285,202,272,293,220,227,248,280,248,289,272,240,198,293,272,289,227,220,227,264,202,179,289,220,285,216,202,277,227,300,202,227,202,311,278,289,179,207,242,128,261,277,250,289,189,179,181,202,257,277,200,205,288,289,289,210,202,272,202,248,272,240,179,262,320,277,227,272,277,220,248,220,202,277,226,248,277,166,277,289,272,277,286,320,227,166,300,277,308,277,277,278,229,202,202,320,202,218,272,227,277,128,289,289,270,202,187,282,187,229,220,154,289,277,272,289,277,202,270,
304,172,263,288,240,304,239,238,198,304,181,262,239,294,262,304,263,210,259,172,241,299,277,128,299,304,239,240,240,181,272,239,263,128,262,306,321,293,304,240,262,263,239,263,149,282,269,262,226,185,132,162,304,282,240,250,263,216,236,304,262,271,299,181,216,143,304,162,284,288,257,172,240,263,304,150,239,189,269,262,162,282,240,181,128,240,162,248,239,294,172,302,240,304,227,327,304,205,315,181,327,304,216,304,196,240,304,239,294,263,248,209,304,304,304,304,240,314,239,284,294,239,306,277,263,304,248,262,262,263,239,200,180,264,263,194,220,321,304,259,314,304,239,162,
284,177,277,378,298,204,333,320,283,345,391,209,416,391,225,272,345,320,284,320,378,320,286,277,268,204,378,378,345,192,223,261,286,391,378,333,286,275,378,391,198,204,187,284,333,320,391,345,320,284,333,202,207,378,204,177,333,294,257,391,320,333,345,286,320,113,333,391,304,320,312,204,232,247,277,204,284,391,391,333,207,378,333,304,378,333,320,238,416,284,236,378,224,345,284,345,333,255,345,272,177,312,234,272,378,167,269,416,177,312,320,152,290,213,191,378,345,204,333,416,204,333,378,177,236,284,391,391,246,204,324,320,324,203,345,246,391,189,378,391,149,204,320,
236,321,266,284,256,280,170,284,229,283,211,314,283,284,236,258,295,224,283,332,310,172,332,284,279,266,266,211,305,211,236,149,283,339,353,326,284,280,283,236,211,236,128,316,303,283,272,170,189,211,311,315,266,289,295,264,208,284,283,305,332,211,264,170,284,193,318,321,294,224,282,236,284,207,211,128,303,283,197,315,266,232,149,266,193,288,211,314,70,334,266,326,273,358,336,254,347,211,358,296,264,333,166,266,289,211,314,265,288,170,284,284,319,284,266,346,245,318,314,217,339,310,285,284,288,288,283,236,218,248,170,299,236,243,268,353,304,295,346,284,231,170,
264,345,263,172,294,279,241,307,359,152,384,359,177,225,307,279,236,279,345,279,240,276,220,203,345,345,307,241,172,213,240,359,345,299,270,231,345,359,137,132,126,236,294,279,359,307,279,236,294,250,256,345,218,227,294,257,209,359,279,294,307,240,279,177,294,359,264,279,270,207,181,198,227,129,236,359,359,294,255,345,294,263,345,294,279,187,384,236,279,345,270,307,305,307,294,293,307,305,229,270,278,225,345,218,222,384,181,270,279,177,252,261,177,345,307,158,294,384,129,294,345,213,185,236,359,359,198,129,284,279,284,143,307,187,359,239,345,359,207,137,279,
278,357,216,202,336,343,243,308,289,320,293,300,333,220,179,248,179,272,179,288,128,329,202,272,336,270,227,299,324,299,289,272,202,112,336,272,289,282,279,275,310,202,179,289,220,329,277,261,277,227,343,202,227,207,354,322,329,179,202,294,207,308,277,300,289,150,179,248,202,305,315,264,269,332,289,289,272,202,300,240,299,285,293,179,309,320,321,227,285,277,220,181,220,218,277,283,181,277,207,277,333,272,277,330,320,227,172,343,277,350,277,278,322,220,227,202,320,255,202,272,227,308,172,289,289,315,254,224,326,187,285,229,203,289,277,272,289,277,241,315,
378,329,224,218,378,177,167,329,266,134,378,345,194,245,266,227,289,266,263,289,378,329,113,213,177,345,329,345,263,149,296,311,283,378,224,127,345,329,345,266,272,256,189,211,218,266,196,378,345,224,329,345,202,326,378,202,258,289,177,263,218,378,196,274,278,243,230,329,345,378,272,329,266,256,134,196,329,149,196,240,113,196,234,329,256,266,345,113,378,213,318,294,196,378,177,318,378,230,378,300,202,378,329,202,345,234,224,378,378,378,378,189,304,329,274,187,329,296,266,345,378,266,234,213,345,329,211,218,250,345,177,300,311,378,245,304,378,329,218,
298,333,320,134,345,391,229,416,391,213,177,345,333,284,321,378,347,286,367,167,318,378,378,345,342,215,177,286,391,378,386,362,149,378,391,240,243,249,284,352,340,391,345,320,284,333,348,352,378,327,333,333,207,177,391,342,367,345,304,320,290,333,391,357,331,312,320,206,189,277,258,284,391,391,333,351,378,333,304,378,333,326,204,416,284,369,378,362,345,391,371,333,380,345,391,334,312,368,246,378,327,204,416,304,326,320,274,113,355,245,378,379,290,354,416,270,373,378,324,202,326,391,391,189,272,324,320,336,234,345,307,391,341,378,391,320,280,320,
276,275,283,289,344,209,370,344,225,272,289,261,211,261,329,261,215,232,268,143,329,329,289,191,224,261,224,344,329,276,224,275,329,344,198,194,187,240,276,261,344,289,268,211,276,204,207,329,167,175,276,294,257,344,261,276,289,215,261,204,276,344,239,261,249,149,232,247,202,177,270,344,344,276,207,329,276,239,329,276,261,238,370,256,236,329,223,289,271,289,276,255,289,271,204,249,234,272,329,204,269,370,129,249,283,204,290,213,204,329,289,113,276,370,162,276,329,158,236,211,344,344,247,159,266,264,266,203,289,160,344,204,329,344,204,139,261,
296,333,181,266,276,262,245,333,294,142,134,193,125,202,167,238,202,333,276,213,296,213,294,276,294,254,220,213,234,192,333,196,224,294,276,294,269,174,149,220,121,289,222,202,333,294,304,276,294,134,315,333,289,154,202,247,189,266,333,256,220,183,132,187,276,294,333,205,276,291,220,220,216,276,256,177,254,234,245,125,276,262,280,294,234,333,121,243,209,149,333,231,243,333,143,333,293,196,333,290,262,294,143,304,333,333,333,333,282,223,276,177,269,276,213,196,294,333,193,220,220,294,276,159,286,141,294,167,241,234,333,196,223,333,276,274,
320,252,241,261,326,241,320,279,277,311,247,299,347,326,198,347,320,295,224,218,224,321,261,279,179,245,354,367,341,320,296,241,279,261,279,170,331,319,274,288,113,215,234,327,331,218,305,312,282,258,320,241,321,347,187,282,167,320,177,333,336,310,247,298,279,320,231,261,170,319,241,221,330,218,256,179,218,189,304,261,319,170,349,218,341,289,372,351,274,362,205,372,320,282,348,220,282,320,261,282,282,304,113,320,320,334,320,218,361,268,333,278,261,354,326,302,320,304,304,289,279,261,270,127,315,279,266,284,367,320,311,361,320,261,149,
345,391,207,416,391,189,177,345,320,284,320,378,333,286,354,134,303,378,378,345,328,204,177,286,391,378,373,348,113,378,391,218,222,227,284,338,326,391,345,320,284,333,334,338,378,313,319,333,207,149,391,328,354,345,289,320,275,333,391,343,320,312,305,181,167,277,236,284,391,391,333,337,378,333,304,378,333,320,204,416,284,356,378,348,345,378,358,333,368,345,378,320,312,355,246,378,313,204,416,289,312,320,256,113,341,224,378,367,275,340,416,250,361,378,309,177,311,391,391,177,252,324,320,324,213,345,292,391,327,378,391,305,265,320,
209,289,246,202,345,307,144,205,211,185,259,227,208,259,345,289,177,252,143,307,289,307,208,202,269,284,251,345,181,202,307,289,307,213,235,216,202,169,241,211,130,345,307,263,289,307,155,287,345,241,219,259,187,208,209,345,198,238,243,203,170,289,307,345,220,289,245,216,202,148,289,198,121,196,177,185,194,289,246,229,307,177,345,170,290,266,139,345,171,290,345,170,345,258,177,345,289,246,307,194,263,345,345,345,345,231,277,289,238,246,289,269,227,307,345,211,202,202,307,289,140,237,211,307,126,258,284,345,205,277,345,289,220,
344,296,134,391,359,238,282,283,269,319,296,280,319,391,344,177,167,202,359,344,359,280,202,326,340,313,391,266,167,359,344,359,283,302,289,234,254,241,283,220,391,359,177,344,359,245,341,391,149,291,319,202,280,241,391,220,304,308,280,253,344,359,391,289,344,283,289,189,220,344,127,220,262,149,220,274,344,289,283,359,149,391,256,346,323,234,391,202,346,391,253,391,316,245,391,344,245,359,274,241,391,391,391,391,134,333,344,304,162,344,326,296,359,391,283,274,256,359,344,234,241,285,359,224,316,340,391,282,333,391,344,241,
370,344,204,189,289,261,211,261,329,278,215,300,204,238,329,329,289,273,126,175,215,344,329,322,294,204,329,344,129,126,132,211,283,270,344,289,261,211,276,279,283,329,252,261,276,224,204,344,272,300,289,218,261,204,276,344,289,261,249,241,137,204,202,143,211,344,344,276,283,329,276,239,329,276,261,143,370,211,303,329,294,289,328,305,276,316,289,328,262,249,301,189,329,252,185,370,218,250,261,204,218,286,204,329,315,197,285,370,167,307,329,247,204,250,344,344,159,169,266,261,266,129,289,222,344,271,329,344,241,181,261,
282,416,384,246,278,314,278,187,278,312,320,416,370,256,326,256,384,370,384,312,234,187,262,312,416,187,266,384,370,384,314,262,278,202,246,319,314,262,416,384,333,370,384,262,368,416,319,278,262,283,312,296,416,289,162,294,278,287,370,384,416,320,370,321,162,245,262,370,289,262,294,274,282,278,370,113,314,384,274,416,246,314,246,262,416,272,345,416,287,416,345,189,416,370,189,384,287,333,416,416,416,416,311,246,370,262,299,370,262,187,384,416,314,162,177,384,370,273,316,273,384,246,345,189,416,187,177,416,370,304,
391,359,217,266,283,248,304,282,280,304,391,344,149,189,202,359,344,359,280,177,311,326,298,391,245,134,359,344,359,283,287,274,213,233,241,283,220,391,359,202,344,359,224,341,391,177,276,304,202,280,241,391,220,289,293,264,253,344,359,391,289,344,283,274,167,220,344,127,220,262,127,220,256,344,274,283,359,127,391,234,332,309,220,391,202,332,391,253,391,316,224,391,344,224,359,256,241,391,391,391,391,167,319,344,289,162,344,311,282,359,391,283,256,234,359,344,234,241,270,359,202,316,326,391,266,319,391,344,241,
177,345,320,284,320,378,320,286,311,167,254,378,378,345,284,204,177,286,391,378,333,305,177,378,391,177,204,177,284,333,320,391,345,320,284,333,290,294,378,268,274,333,207,149,391,320,333,345,286,320,215,333,391,304,320,312,257,177,134,277,204,284,391,391,333,294,378,333,304,378,333,320,204,416,284,314,378,305,345,339,345,333,327,345,339,275,312,313,246,378,268,204,416,234,312,320,189,202,298,149,378,345,215,333,416,204,333,378,263,113,284,391,391,177,204,324,320,324,177,345,246,391,283,378,391,257,204,320,
307,308,241,295,345,322,240,343,177,292,345,345,307,318,174,120,240,359,350,364,338,177,345,359,202,206,211,236,327,315,359,307,279,236,294,323,327,345,301,308,294,149,177,359,317,343,307,278,279,263,294,359,333,306,270,294,165,177,227,220,236,359,359,294,327,345,294,263,345,294,300,156,384,236,346,345,337,307,369,348,294,358,307,369,309,278,344,187,345,301,129,384,278,300,279,240,177,330,207,345,357,263,329,384,234,350,345,298,177,300,359,359,141,236,284,279,311,196,307,280,364,316,345,359,294,249,279,
173,211,154,230,197,210,230,345,289,181,277,181,307,289,307,226,202,241,262,221,345,177,202,307,289,307,242,205,184,202,128,270,211,171,345,307,284,289,307,121,296,345,270,187,230,219,208,238,345,228,208,214,171,170,289,307,345,220,289,272,202,202,185,289,228,140,226,206,217,160,289,246,258,307,206,345,129,270,237,121,345,203,270,345,170,345,273,177,345,289,246,307,170,284,345,345,345,345,260,251,289,208,246,289,241,197,307,345,211,202,202,307,289,140,266,178,307,127,258,262,345,177,251,345,289,249,
211,130,218,134,259,179,320,261,234,311,234,279,273,299,273,241,218,213,169,320,218,245,279,261,279,284,144,113,241,154,304,243,224,320,279,319,261,279,167,329,320,304,124,177,268,167,282,320,274,241,158,75,211,261,279,320,227,261,306,241,241,237,261,274,202,273,256,266,113,283,278,295,279,256,320,154,222,185,177,320,253,222,320,167,320,308,218,320,305,278,279,113,319,320,326,320,320,296,201,261,149,284,261,189,218,279,320,170,241,241,289,261,183,301,92,279,189,220,241,320,218,241,320,261,289,
191,266,232,172,264,284,211,266,266,211,236,211,236,189,283,273,288,256,284,266,283,236,211,236,207,240,222,283,211,236,149,193,284,240,266,211,236,193,271,284,283,225,264,211,165,203,284,193,283,248,209,154,211,236,284,128,211,240,283,283,193,240,266,193,189,266,193,200,211,314,224,268,266,284,211,294,270,193,284,211,294,284,165,284,241,266,284,238,314,236,200,257,284,284,284,284,266,280,211,243,314,211,273,266,236,284,200,283,283,236,211,177,232,216,236,211,169,288,284,266,283,284,211,215,
218,162,241,198,320,261,218,299,216,279,261,286,257,241,218,231,187,320,218,241,279,261,279,272,171,143,241,154,291,225,205,320,279,306,261,279,139,317,320,291,148,198,251,166,269,320,259,241,179,128,191,261,279,320,209,261,294,241,241,219,261,259,181,257,238,248,99,270,278,283,279,238,320,154,239,205,155,320,235,239,320,139,320,295,218,320,293,278,279,112,306,320,320,320,320,284,220,261,174,278,261,209,218,279,320,170,241,241,279,261,165,288,137,279,170,220,241,320,218,241,320,261,277,
218,299,272,378,329,282,347,282,345,329,345,310,266,113,196,263,378,202,289,345,329,345,321,196,218,234,214,340,288,274,378,345,354,329,345,224,364,378,340,218,196,305,263,319,378,311,134,240,218,264,329,345,378,277,329,342,167,274,284,329,311,256,310,296,304,218,329,187,332,345,296,378,213,266,177,234,378,294,300,378,230,378,343,224,378,341,224,345,230,354,378,378,378,378,333,177,329,196,321,329,196,149,345,378,266,189,213,345,329,240,337,211,345,245,300,149,378,177,134,378,329,326,
277,179,320,261,256,326,256,279,288,314,288,241,218,189,166,326,218,266,279,268,279,299,125,113,241,178,319,264,245,320,279,333,261,279,189,343,320,319,102,149,283,189,296,320,289,241,128,137,232,261,294,320,248,261,321,241,245,258,261,289,224,288,274,282,149,298,278,310,279,274,320,177,200,162,202,320,272,220,320,189,320,322,218,320,320,278,279,149,333,320,340,320,320,311,177,261,125,299,261,167,218,279,320,170,241,241,304,261,207,316,128,279,213,220,241,320,218,241,320,261,304,
299,286,236,263,263,208,272,215,240,128,280,306,321,293,286,263,280,240,215,240,149,282,269,280,226,185,128,189,286,282,263,250,259,216,225,286,280,271,299,208,216,166,286,189,284,288,257,172,240,240,286,149,215,189,280,280,189,282,263,189,128,263,189,248,215,312,172,302,263,293,227,327,304,205,315,208,327,286,216,300,191,263,286,215,312,240,248,209,286,286,286,286,263,314,215,284,312,215,306,277,245,286,248,280,280,240,215,200,180,264,240,208,220,321,286,263,314,286,215,166,
340,203,282,347,282,227,310,335,310,289,272,202,112,347,272,289,293,290,286,321,202,179,289,220,340,288,274,277,227,354,202,227,224,364,333,340,179,202,305,224,319,277,311,289,150,179,264,202,316,326,277,280,342,289,289,284,202,311,256,310,296,304,189,320,320,332,227,296,277,220,165,220,234,277,294,165,277,224,277,343,272,277,341,320,227,189,354,277,361,277,289,333,220,243,202,321,270,202,272,227,319,189,289,289,326,269,240,337,187,296,245,220,289,277,272,289,277,257,326,
288,378,378,345,314,204,177,286,391,378,361,334,113,378,391,196,204,206,284,333,320,391,345,320,284,333,320,324,378,298,304,333,207,113,391,320,340,345,286,320,257,333,391,329,320,312,290,177,134,277,215,284,391,391,333,323,378,333,304,378,333,320,204,416,284,342,378,334,345,366,345,333,355,345,366,305,312,341,246,378,298,204,416,274,312,320,234,149,327,202,378,354,257,333,416,229,347,378,294,149,296,391,391,177,231,324,320,324,189,345,277,391,313,378,391,290,243,320,
329,329,289,158,252,283,252,344,329,276,215,295,329,344,227,224,218,268,276,261,344,289,288,220,276,204,175,329,126,137,276,314,280,344,261,276,289,215,265,204,276,344,239,261,249,83,261,273,204,209,290,344,344,276,175,329,276,252,329,276,261,266,370,279,207,329,204,289,245,289,276,227,289,245,204,249,205,292,329,204,289,370,132,249,303,204,310,204,222,329,289,162,276,370,194,276,329,129,265,211,344,344,273,192,266,285,266,232,289,160,344,204,329,344,204,177,273,
224,177,345,329,345,263,134,289,304,276,378,213,127,345,329,345,266,263,245,177,200,218,266,196,378,345,234,329,345,196,326,378,213,248,282,177,263,218,378,196,266,270,232,230,329,345,378,272,329,266,245,127,196,329,167,196,240,134,196,224,329,245,266,345,134,378,202,310,286,196,378,177,310,378,230,378,300,189,378,329,189,345,230,234,378,378,378,378,202,296,329,266,187,329,289,256,345,378,266,224,202,345,329,211,218,240,345,177,300,304,378,234,296,378,329,218,
224,345,329,345,263,245,354,367,341,378,296,213,345,329,345,266,331,319,274,288,218,266,234,378,345,113,329,345,282,326,378,127,321,347,187,282,218,378,196,333,336,310,247,329,345,378,272,329,266,319,234,221,330,177,256,240,202,196,304,329,319,266,349,202,378,289,372,351,274,378,205,372,378,282,378,300,282,378,329,282,345,304,218,378,378,378,378,134,361,329,333,187,329,354,326,345,378,304,304,289,345,329,270,218,315,345,266,300,367,378,311,361,378,329,218,
307,289,307,208,202,289,304,276,345,213,202,307,289,307,211,263,245,202,200,213,211,121,345,307,234,289,307,189,287,345,213,248,282,153,208,177,345,167,266,270,232,170,289,307,345,220,289,216,245,202,121,289,177,149,181,177,149,224,289,246,211,307,177,345,202,310,286,177,345,131,310,345,189,345,258,189,345,289,246,307,224,234,345,345,345,345,202,296,289,266,246,289,289,256,307,345,224,224,202,307,289,172,208,240,307,167,258,304,345,234,296,345,289,189,
283,309,283,359,345,294,240,321,345,359,265,261,256,294,294,279,359,307,314,257,294,177,126,345,137,126,294,339,307,359,279,294,307,240,292,204,294,359,263,279,270,153,289,299,241,247,316,359,359,294,129,345,294,283,345,294,279,293,384,305,167,345,177,307,236,307,294,187,307,207,177,270,177,318,345,177,315,384,181,270,328,227,335,177,259,345,307,204,294,384,232,294,345,143,292,236,359,359,299,231,284,311,284,269,307,187,359,177,345,359,177,218,299,
159,215,344,329,331,304,204,329,344,138,143,152,211,293,280,344,289,261,211,276,289,293,329,266,273,276,209,204,344,282,310,289,232,261,213,276,344,299,271,249,255,129,204,202,167,211,344,344,276,293,329,276,239,329,276,264,126,370,211,313,329,304,289,337,315,276,326,289,337,274,249,311,174,329,266,170,370,232,264,261,204,204,296,204,329,324,213,295,370,181,317,329,261,204,264,344,344,137,182,266,261,276,132,289,236,344,281,329,344,255,198,261,
240,359,345,356,329,177,345,359,187,191,198,236,319,306,359,307,279,236,294,315,319,345,293,299,294,169,177,359,308,335,307,269,279,250,294,359,324,297,270,285,143,177,227,207,236,359,359,294,319,345,294,263,345,294,291,137,384,236,337,345,329,307,362,340,294,350,307,362,300,270,336,187,345,293,129,384,269,291,279,227,177,322,193,345,349,250,321,384,222,342,345,289,177,291,359,359,126,223,284,279,303,181,307,272,359,308,345,359,285,236,279,
280,318,332,304,286,263,280,240,215,240,128,293,280,280,242,169,149,189,289,293,263,266,273,232,211,286,280,282,310,208,232,166,286,189,295,299,271,189,256,240,286,172,215,172,280,280,189,293,263,200,128,263,189,264,215,312,149,313,263,304,243,337,315,222,326,208,337,286,232,311,174,263,286,215,312,240,264,191,286,286,296,286,263,325,215,295,312,215,318,288,261,286,264,280,280,240,215,216,166,277,240,211,236,332,286,273,325,286,215,166,
274,289,280,391,189,149,359,344,359,283,242,241,149,202,241,283,220,391,359,256,344,359,220,341,391,234,241,266,202,280,241,391,220,245,262,241,253,344,359,391,289,344,283,224,113,220,344,189,220,262,167,220,241,344,224,283,359,167,391,202,295,272,220,391,202,316,391,253,391,316,167,391,344,167,359,253,256,391,391,391,391,224,281,344,245,205,344,274,234,359,391,283,202,177,359,344,234,241,234,359,202,316,289,391,213,281,391,344,241,
196,263,378,213,296,345,329,345,328,196,218,245,225,347,295,281,378,345,361,329,345,234,370,378,347,218,196,313,263,326,378,319,149,240,218,273,329,345,378,284,329,349,177,281,291,329,319,266,318,304,311,218,329,187,339,345,304,378,223,266,177,245,378,302,300,378,234,378,350,234,378,348,234,345,230,361,378,378,378,378,340,177,329,196,328,329,196,167,345,378,266,201,223,345,329,250,344,211,345,255,300,134,378,189,127,378,329,333,
189,367,234,311,315,312,309,342,180,201,266,246,361,310,296,333,294,373,276,294,255,382,354,361,198,149,327,255,340,333,333,220,172,215,288,276,337,347,299,303,363,220,296,306,276,333,281,332,319,326,223,341,262,353,294,319,333,245,193,139,266,333,317,241,333,255,333,364,255,333,362,262,294,223,373,333,379,333,333,354,121,276,177,342,293,134,196,294,340,223,223,245,347,291,270,358,207,319,274,252,220,333,213,220,333,283,347,
341,263,283,287,284,280,315,189,166,280,208,334,282,268,286,240,348,215,240,215,359,327,334,166,189,299,215,313,286,305,280,128,171,256,215,310,320,271,274,336,280,280,278,215,305,247,304,290,298,179,314,312,326,240,290,286,208,173,208,226,286,288,173,286,215,286,338,263,286,335,312,240,179,348,286,355,286,286,327,208,235,189,315,263,189,263,240,313,179,280,280,320,261,231,331,174,290,236,211,280,286,263,280,286,249,320,
378,391,207,211,217,284,333,320,391,345,320,284,333,327,331,378,305,312,333,207,134,391,321,347,345,286,320,268,333,391,336,320,312,298,177,149,277,225,284,391,391,333,330,378,333,304,378,333,320,204,416,284,349,378,341,345,372,351,333,362,345,372,313,312,348,246,378,305,204,416,282,312,320,245,134,334,213,378,361,268,333,416,240,354,378,302,167,304,391,391,177,241,324,320,324,202,345,284,391,320,378,391,298,254,320,
224,345,329,345,269,196,218,149,177,289,266,202,378,345,304,329,345,196,326,378,289,218,202,247,263,266,378,256,177,240,218,230,329,345,378,272,329,291,149,202,216,329,256,196,254,234,245,218,329,187,280,345,234,378,177,266,209,196,378,231,300,378,230,378,300,134,378,329,187,345,230,304,378,378,378,378,282,223,329,196,269,329,213,167,345,378,266,127,127,345,329,211,286,211,345,177,300,234,378,134,223,378,329,274,
359,344,359,283,272,256,189,211,241,283,220,391,359,224,344,359,220,341,391,202,258,289,202,280,241,391,220,274,278,243,253,344,359,391,289,344,283,256,134,220,344,149,220,262,127,220,241,344,256,283,359,127,391,213,318,294,220,391,202,318,391,253,391,316,202,391,344,202,359,253,241,391,391,391,391,189,304,344,274,170,344,296,266,359,391,283,234,213,359,344,234,241,250,359,202,316,311,391,245,304,391,344,241,
129,107,236,294,279,359,307,279,236,294,272,275,345,241,250,294,234,183,359,279,294,307,240,279,185,294,359,282,279,270,231,152,177,227,130,236,359,359,294,275,345,294,263,345,294,279,161,384,236,295,345,286,307,321,307,294,309,307,321,252,270,294,202,345,241,197,384,207,270,279,177,229,279,177,345,308,185,294,384,150,300,345,236,177,240,359,359,172,152,284,279,284,90,307,211,359,263,345,359,231,171,279,
129,211,276,261,344,289,261,211,276,269,273,329,238,247,276,238,204,344,261,290,289,215,261,204,276,344,279,261,249,227,159,204,202,126,211,344,344,276,273,329,276,239,329,276,261,167,370,211,293,329,284,289,319,295,276,306,289,319,248,249,291,206,329,238,202,370,203,249,261,204,233,276,204,329,305,180,276,370,143,298,329,232,204,236,344,344,175,146,266,261,266,129,289,207,344,259,329,344,227,167,261,
236,294,279,359,307,279,236,294,264,269,345,232,241,294,243,194,359,279,294,307,240,279,177,294,359,275,279,270,222,167,181,227,129,236,359,359,294,269,345,294,263,345,294,279,172,384,236,289,345,280,307,315,307,294,303,307,315,243,270,288,211,345,232,207,384,198,270,279,177,238,273,177,345,307,175,294,384,137,294,345,227,177,236,359,359,181,138,284,279,284,126,307,202,359,254,345,359,222,159,279,
304,291,283,258,170,172,194,300,304,266,278,284,248,208,284,283,293,321,211,248,170,284,193,306,310,283,207,270,236,284,189,211,149,291,283,193,304,266,216,132,266,193,277,211,314,128,324,266,315,259,348,326,238,336,211,348,285,248,322,166,266,284,211,314,249,277,174,284,284,308,284,266,335,229,306,314,211,328,299,274,284,277,283,283,236,211,232,170,288,236,227,252,342,293,284,335,284,215,170,
131,220,187,324,271,253,333,294,338,276,294,198,348,333,324,128,138,288,198,302,333,294,220,162,148,240,276,299,333,256,276,326,220,253,266,276,294,231,293,280,287,163,303,262,316,294,280,333,186,193,148,210,333,278,241,333,198,333,327,198,333,325,262,294,163,338,333,345,333,333,317,170,276,81,304,276,154,196,294,333,193,220,220,309,276,215,321,137,294,221,241,220,333,196,220,333,276,309,
241,168,311,254,234,320,279,326,261,279,177,336,320,311,81,167,276,177,289,320,282,241,141,121,222,261,286,320,238,261,314,241,241,248,261,282,213,280,266,274,134,290,278,303,279,266,320,167,211,174,189,320,263,220,320,177,320,315,218,320,312,278,279,134,326,320,333,320,320,304,189,261,134,291,261,177,218,279,320,170,241,241,296,261,196,308,92,279,202,220,241,320,218,241,320,261,296,
202,266,283,220,391,359,282,344,359,220,341,391,266,241,234,215,280,241,391,224,213,262,241,253,344,359,391,289,344,283,189,167,220,344,224,220,262,202,220,241,344,189,283,359,202,391,202,283,241,220,391,202,316,391,253,391,316,127,391,344,162,359,253,282,391,391,391,391,256,255,344,220,238,344,245,202,359,391,283,167,134,359,344,234,262,234,359,202,316,266,391,177,255,391,344,245,
281,211,187,345,307,295,289,307,121,307,345,281,171,214,235,208,254,345,243,202,197,154,174,289,307,345,220,289,283,202,202,203,289,243,165,242,222,233,154,289,246,272,307,222,345,70,255,221,133,345,219,258,345,170,345,284,177,345,289,246,307,170,295,345,345,345,345,273,236,289,191,258,289,225,178,307,345,211,202,202,307,289,140,278,161,307,147,258,246,345,177,236,345,289,265,
203,224,320,324,218,298,304,274,258,320,241,313,340,175,274,149,320,167,326,329,302,236,290,279,320,220,261,170,311,241,210,323,218,245,169,218,177,296,261,311,170,342,218,334,282,366,344,266,355,193,366,320,274,341,220,274,320,261,278,279,296,134,320,320,327,320,218,354,261,326,278,261,347,319,294,320,296,296,282,279,261,261,87,308,279,256,277,361,320,304,354,320,261,134,
193,284,270,266,234,243,200,241,284,283,257,288,211,200,170,284,193,283,277,241,154,224,236,284,128,211,207,283,283,193,270,266,193,149,266,193,232,211,314,189,290,266,284,211,316,293,193,304,211,316,284,200,289,209,266,284,211,314,236,232,225,284,284,284,284,266,303,211,273,314,211,295,266,236,284,232,283,283,236,211,181,199,248,236,211,204,310,284,266,303,284,211,179,
333,294,245,276,294,177,274,333,224,237,274,169,189,189,333,177,256,261,221,143,276,294,333,202,276,227,234,220,124,276,196,134,175,196,167,213,276,262,211,294,196,333,189,303,279,167,333,145,303,333,177,333,241,196,333,276,262,294,213,245,333,333,333,333,213,289,276,256,262,276,281,245,294,333,213,220,220,294,276,158,219,229,294,149,241,296,333,224,289,333,276,202,
177,378,204,177,333,344,313,391,320,333,345,286,320,213,333,391,304,320,312,204,295,305,277,255,322,391,391,333,204,378,333,304,378,333,320,299,416,311,177,378,134,345,284,345,333,177,345,246,134,312,149,323,378,149,321,416,191,312,334,236,341,113,268,378,345,213,333,416,241,333,378,177,298,284,391,391,305,240,324,320,324,275,345,246,391,113,378,391,167,227,320,
345,159,143,294,348,316,359,279,294,307,240,302,218,294,359,263,279,270,172,299,309,256,261,326,359,359,294,129,345,294,293,345,294,279,303,384,315,143,345,177,307,236,307,294,177,307,191,177,270,177,327,345,177,325,384,198,270,338,241,345,177,272,345,307,218,294,384,247,294,345,167,302,236,359,359,309,245,284,321,284,279,307,194,359,177,345,359,177,232,309,
329,345,289,326,378,134,328,354,199,289,218,378,196,340,343,317,257,329,345,378,272,329,266,326,245,231,337,189,266,240,213,202,311,329,326,266,356,213,378,296,378,358,282,378,216,378,378,289,378,300,289,378,329,289,345,311,218,378,378,378,378,149,367,329,340,187,329,361,333,345,378,311,311,296,345,329,278,218,322,345,274,300,373,378,319,367,378,329,218,
129,276,323,290,344,261,276,289,215,275,204,276,344,239,261,249,113,273,283,218,223,300,344,344,276,159,329,276,266,329,276,261,276,370,289,192,329,204,289,231,289,276,213,289,231,204,249,204,301,329,204,299,370,152,249,313,204,320,204,236,329,289,177,276,370,209,276,329,129,275,211,344,344,283,207,266,295,266,246,289,160,344,204,329,344,204,193,283,
294,329,297,359,279,294,307,240,282,187,294,359,263,279,270,133,279,289,227,232,307,359,359,294,143,345,294,273,345,294,279,283,384,295,181,345,177,307,236,307,294,203,307,221,177,270,178,308,345,177,305,384,167,270,319,213,326,177,245,345,307,187,294,384,218,294,345,126,282,236,359,359,289,217,284,301,284,256,307,187,359,177,345,359,177,203,289,
300,333,274,180,224,226,189,245,333,234,220,207,164,165,276,294,333,202,276,277,220,220,193,276,234,149,232,213,224,149,276,262,264,294,213,333,121,264,231,113,333,210,264,333,143,333,278,196,333,276,262,294,149,289,333,333,333,333,266,245,276,202,262,276,234,196,294,333,193,220,220,294,276,128,271,172,294,134,241,255,333,196,245,333,276,256,
207,341,338,364,287,300,258,286,274,350,354,328,271,316,200,207,257,252,208,341,341,274,348,326,278,236,326,274,322,194,368,208,366,326,358,308,388,368,293,377,287,388,330,300,365,154,326,323,155,368,300,322,258,270,207,351,239,326,376,286,350,368,266,370,343,320,207,322,341,341,183,268,289,258,333,229,287,303,382,337,329,376,316,277,258,
391,320,333,345,286,320,247,333,391,322,320,312,283,177,113,277,204,284,391,391,333,316,378,333,304,378,333,320,204,416,284,335,378,327,345,360,345,333,348,345,360,298,312,334,246,378,290,204,416,266,312,320,224,167,320,189,378,347,247,333,416,218,340,378,287,134,289,391,391,177,220,324,320,324,177,345,269,391,305,378,391,283,233,320,
313,340,202,280,241,391,220,326,329,302,253,344,359,391,289,344,283,311,224,220,344,167,245,262,189,220,296,344,311,283,359,189,391,282,366,344,266,391,202,366,391,274,391,316,274,391,344,274,359,296,241,391,391,391,391,127,354,344,326,162,344,347,319,359,391,296,296,282,359,344,261,241,308,359,256,316,361,391,304,354,391,344,241,
163,278,180,291,320,283,241,137,127,225,261,288,320,241,261,316,241,241,251,261,283,216,282,269,276,138,292,278,305,279,269,320,170,208,171,193,320,266,220,320,180,320,317,218,320,314,278,279,138,328,320,335,320,320,306,186,261,131,293,261,174,218,279,320,170,241,241,298,261,199,310,103,279,205,220,241,320,218,241,320,261,298,
305,224,319,333,311,220,162,179,264,276,316,333,277,280,342,220,274,284,276,311,256,310,296,304,189,320,262,332,294,296,333,213,193,121,234,333,294,241,333,224,333,343,224,333,341,262,294,189,354,333,361,333,333,333,134,276,134,321,276,113,196,294,333,193,220,220,326,276,240,337,172,296,245,241,220,333,196,220,333,276,326,
226,154,345,121,290,294,266,181,289,307,345,220,289,211,276,202,148,289,177,192,181,177,121,258,289,276,211,308,177,345,236,333,310,215,345,127,333,345,226,345,258,226,345,289,246,307,258,199,345,345,345,345,177,320,289,290,246,289,313,283,307,345,258,258,236,307,289,209,171,272,307,204,258,327,345,268,320,345,289,154,
245,286,234,280,207,166,165,215,241,286,181,215,277,280,280,193,215,263,189,232,263,224,166,246,312,264,240,263,286,208,264,231,189,286,210,264,286,147,286,278,263,286,275,312,240,149,289,286,296,286,286,266,245,215,202,312,215,234,263,240,286,149,280,280,255,215,174,271,174,240,208,170,280,286,263,280,286,215,256,
320,125,304,308,280,203,268,279,320,185,261,170,289,241,174,301,218,213,127,218,134,274,261,289,170,321,218,320,256,346,323,234,334,154,346,320,245,320,220,245,320,261,278,279,274,177,320,320,320,320,218,333,261,304,278,261,326,296,279,320,274,274,256,279,261,229,142,285,279,224,249,340,320,282,333,320,261,113,
333,391,304,320,312,204,222,236,277,204,284,391,391,333,218,378,333,304,378,333,320,227,416,284,247,378,234,345,284,345,333,266,345,279,189,312,245,263,378,177,259,416,177,312,320,137,283,224,179,378,345,204,333,416,204,333,378,177,225,284,391,391,236,204,324,320,324,191,345,246,391,202,378,391,167,204,320,
296,300,273,191,276,294,333,202,276,193,282,220,163,294,196,202,162,196,113,266,276,282,193,314,196,333,245,339,316,224,333,138,339,333,234,333,241,234,333,276,262,294,266,189,333,333,333,333,196,326,276,296,262,276,319,289,294,333,266,266,245,294,276,218,160,278,294,213,241,333,333,274,326,333,276,134,
262,241,253,344,359,391,289,344,328,134,256,269,344,296,234,295,282,289,241,344,162,318,359,282,391,202,283,202,220,391,280,316,391,253,391,329,202,391,344,202,359,253,340,391,391,391,391,319,202,344,220,306,344,220,127,359,391,283,167,189,359,344,234,323,234,359,224,316,177,391,149,167,391,344,311,
162,248,239,305,315,264,269,332,262,262,272,239,300,240,299,285,293,172,309,294,321,263,285,304,196,181,181,218,304,283,196,304,207,304,333,240,304,330,294,263,172,343,304,350,304,304,322,181,239,162,310,255,162,240,263,308,172,262,262,315,254,224,326,149,285,229,203,262,304,240,262,304,241,315,
209,261,279,320,225,261,305,241,241,235,261,273,199,271,253,264,104,281,278,294,279,253,320,154,224,187,175,320,251,224,320,164,320,306,218,320,304,278,279,112,317,320,324,320,320,295,204,261,153,283,261,192,218,279,320,170,241,241,287,261,180,299,100,279,187,220,241,320,218,241,320,261,287,
249,270,312,166,249,240,253,253,143,249,230,143,189,230,179,200,249,287,224,270,230,312,175,294,270,146,312,170,294,312,165,312,241,230,312,249,287,270,200,257,312,312,312,312,230,280,249,243,287,249,273,232,270,312,200,253,253,270,249,139,232,216,270,170,208,288,312,230,280,312,249,215,
264,275,207,213,293,344,344,276,172,329,276,256,329,276,261,269,370,282,204,329,204,289,241,289,276,223,289,241,204,249,204,294,329,204,291,370,136,249,305,204,313,204,225,329,289,167,276,370,197,276,329,129,268,211,344,344,275,196,266,287,266,236,289,160,344,204,329,344,204,180,275,
177,227,175,236,359,359,294,299,345,294,263,345,294,279,129,384,236,319,345,310,307,343,321,294,331,307,343,280,270,317,187,345,273,158,384,241,271,279,197,194,303,177,345,330,222,301,384,191,323,345,269,177,271,359,359,126,193,284,279,284,143,307,245,359,288,345,359,264,207,279,
277,204,284,391,391,333,309,378,333,304,378,333,320,204,416,284,328,378,320,345,353,345,333,341,345,353,290,312,327,246,378,283,204,416,256,312,320,213,177,313,177,378,345,236,333,416,207,333,378,279,113,284,391,391,177,209,324,320,324,177,345,259,391,298,378,391,275,222,320,
202,224,289,289,202,256,272,202,172,272,202,216,202,320,207,279,272,277,220,305,282,202,293,220,305,277,181,278,225,272,277,222,320,227,216,241,277,277,277,277,272,291,202,259,320,202,284,272,227,277,216,289,289,227,202,187,216,232,227,220,185,299,277,272,291,277,202,198,
218,344,344,276,261,329,276,239,329,276,261,181,370,211,283,329,274,289,309,289,276,296,289,309,234,249,281,220,329,223,216,370,187,249,261,204,247,266,204,329,295,167,276,370,126,288,329,218,204,222,344,344,191,128,266,261,266,137,289,191,344,245,329,344,213,143,261,
314,283,214,326,266,248,172,266,193,299,211,314,128,345,266,336,284,368,347,269,357,211,368,308,277,343,166,277,300,211,314,277,299,170,284,284,329,284,266,356,261,328,314,233,349,321,297,284,299,299,284,236,234,264,170,310,236,259,279,363,315,306,356,293,247,170,
234,248,344,282,220,280,266,274,241,344,162,303,359,266,391,202,283,202,220,391,263,316,391,253,391,316,177,391,344,177,359,253,326,391,391,391,391,304,202,344,220,291,344,220,127,359,391,283,134,167,359,344,234,308,234,359,202,316,201,391,127,189,391,344,296,
220,344,177,220,262,149,220,241,344,234,283,359,149,391,202,303,279,220,391,202,316,391,253,391,316,177,391,344,177,359,253,245,391,391,391,391,213,289,344,256,194,344,281,245,359,391,283,213,189,359,344,234,241,234,359,202,316,296,391,224,289,391,344,241,
276,196,154,162,196,144,226,276,262,197,294,196,333,205,312,288,180,333,128,312,333,193,333,241,196,333,276,262,294,226,231,333,333,333,333,198,298,276,269,262,276,291,258,294,333,226,226,220,294,276,175,205,242,294,170,241,306,333,237,298,333,276,186,
329,276,293,329,286,261,303,370,315,144,329,204,289,211,289,276,204,289,191,204,249,204,327,329,204,324,370,197,249,337,241,344,204,272,329,289,218,276,370,246,276,329,167,301,211,344,344,309,245,266,321,266,279,289,193,344,204,329,344,204,232,309,
202,240,134,196,266,329,282,266,345,134,378,245,339,316,224,378,177,339,378,234,378,300,234,378,329,234,345,266,218,378,378,378,378,149,326,329,296,187,329,319,289,345,378,266,266,245,345,329,218,218,278,345,213,300,333,378,274,326,378,329,218,
200,196,189,189,276,262,232,294,196,333,167,288,263,134,333,174,288,333,149,333,250,196,333,276,262,294,189,266,333,333,333,333,234,274,276,234,262,276,266,224,294,333,193,220,220,294,276,128,241,207,294,121,241,281,333,202,274,333,276,224,
240,162,264,239,294,149,313,240,304,243,337,315,222,326,181,337,304,232,311,196,240,304,239,294,263,264,191,304,304,304,304,240,325,239,295,294,239,318,288,263,304,264,264,262,263,239,216,163,277,263,211,236,332,304,273,325,304,239,137,
196,245,329,266,266,345,70,378,224,325,301,202,378,177,325,378,230,378,300,213,378,329,213,345,245,218,378,378,378,378,177,311,329,282,187,329,304,274,345,378,266,245,224,345,329,211,218,261,345,189,300,319,378,256,311,378,329,218,
256,276,274,193,307,196,333,234,332,309,213,333,124,332,333,224,333,241,224,333,276,262,294,256,202,333,333,333,333,196,319,276,289,262,276,311,282,294,333,256,256,234,294,276,207,173,270,294,202,241,326,333,266,319,333,276,149,
275,278,288,279,245,320,154,232,198,167,320,242,232,320,149,320,300,218,320,298,278,279,112,311,320,320,320,320,289,213,261,167,278,261,201,218,279,320,170,241,241,281,261,172,293,128,279,177,220,241,320,218,241,320,261,282,
370,211,322,329,314,289,347,324,276,335,289,347,284,249,321,160,329,276,149,370,247,275,261,204,204,306,204,329,334,227,305,370,198,327,329,273,204,275,344,344,129,199,266,261,286,152,289,250,344,291,329,344,269,213,261,
314,384,266,416,246,314,246,262,416,263,345,416,287,416,345,187,416,370,177,384,287,326,416,416,416,416,304,246,370,262,291,370,262,187,384,416,314,162,167,384,370,273,308,273,384,246,345,201,416,187,189,416,370,296,
334,266,326,273,358,336,254,347,211,358,296,264,333,166,266,289,211,314,265,288,170,284,284,319,284,266,346,245,318,314,217,339,310,285,284,288,288,283,236,218,248,170,299,236,243,268,353,304,295,346,284,231,170,
345,177,307,236,307,294,177,307,187,179,270,177,346,345,192,343,384,227,270,356,269,363,177,292,345,307,247,294,384,273,294,345,198,321,236,359,359,328,272,284,339,284,299,307,224,359,177,345,359,204,261,328,
378,224,325,301,202,378,177,325,378,230,378,300,213,378,329,213,345,245,218,378,378,378,378,177,311,329,282,187,329,304,274,345,378,266,245,224,345,329,211,218,261,345,189,300,319,378,256,311,378,329,218,
345,284,345,333,149,345,246,167,312,113,337,378,177,335,416,214,312,348,257,355,113,283,378,345,234,333,416,262,333,378,182,313,284,391,391,320,261,324,331,324,290,345,246,391,149,378,391,189,248,320,
254,220,134,345,221,258,345,170,345,285,177,345,289,246,307,170,296,345,345,345,345,274,234,289,189,259,289,223,177,307,345,211,202,202,307,289,141,279,158,307,149,258,245,345,177,234,345,289,266,
211,273,284,323,166,284,264,284,369,266,284,367,314,264,232,378,295,385,284,318,360,211,279,193,348,299,193,266,236,346,232,283,283,352,298,277,364,216,324,280,261,283,284,266,283,284,289,353,
241,345,299,258,345,231,345,348,231,345,345,246,307,198,358,345,365,345,345,337,126,289,143,326,289,121,177,307,345,211,202,220,330,289,247,342,179,307,252,258,202,345,185,202,345,289,330,
333,198,273,333,143,333,270,196,333,276,262,294,167,282,333,333,333,333,256,255,276,213,262,276,245,202,294,333,193,220,220,294,276,118,262,183,294,121,241,266,333,196,255,333,276,245,
345,246,201,312,134,358,378,213,356,416,246,312,368,283,374,167,305,378,345,266,333,416,286,333,378,218,334,284,391,391,341,285,324,352,324,312,345,246,391,189,378,391,223,276,341,
323,345,210,345,258,210,345,289,246,307,242,216,345,345,345,345,180,309,289,280,246,289,302,272,307,345,242,242,221,307,289,192,187,258,307,186,258,317,345,253,309,345,289,170,
246,264,246,369,300,246,367,345,264,232,378,295,385,246,318,360,258,279,241,348,299,241,300,236,346,232,316,316,352,298,277,364,227,324,280,261,316,246,300,316,246,289,353,
312,177,309,378,113,306,416,177,312,320,215,327,149,247,378,345,204,333,416,220,333,378,177,283,284,391,391,290,218,324,320,324,257,345,246,391,113,378,391,134,205,320,
312,278,230,312,275,287,270,149,289,312,312,312,312,266,245,249,202,287,249,234,230,270,312,154,253,253,270,249,128,271,172,270,170,208,255,312,230,253,312,249,256,
344,378,189,342,416,225,312,355,268,362,134,290,378,345,245,333,416,271,333,378,195,320,284,391,391,327,270,324,338,324,298,345,246,391,167,378,391,202,259,327,
300,301,160,345,278,300,220,246,246,330,246,300,357,263,329,345,234,350,322,298,246,300,316,316,187,236,266,220,311,196,261,280,364,316,308,357,294,249,220,
378,329,187,345,230,289,378,378,378,378,266,245,329,202,248,329,234,189,345,378,266,149,127,345,329,211,271,211,345,177,300,255,378,167,245,378,329,256,
299,416,177,312,320,203,320,167,236,378,345,204,333,416,209,333,378,177,275,284,391,391,283,207,324,320,324,246,345,246,391,134,378,391,113,204,320,
370,275,298,261,236,204,328,204,329,355,259,327,370,231,348,329,295,204,298,344,344,137,232,266,261,309,191,289,278,362,314,329,355,291,245,261,
384,287,289,416,416,416,416,266,246,370,262,248,370,262,189,384,416,314,162,162,384,370,273,278,273,384,246,345,255,416,187,245,416,370,278,
270,289,177,297,203,202,345,307,132,294,384,172,294,345,143,245,236,359,359,256,171,284,279,284,213,307,187,359,178,345,359,177,152,279,
311,312,319,312,312,289,213,249,167,287,249,201,230,270,312,154,253,253,281,249,172,293,128,270,177,208,253,312,230,253,312,249,282,
320,320,341,320,218,367,275,340,278,261,361,333,309,320,311,311,296,279,261,278,140,322,279,274,292,373,327,319,367,320,265,167,
266,247,149,378,345,204,333,416,204,333,378,198,202,284,391,391,213,204,324,320,324,177,345,246,391,225,378,391,191,204,320,
348,234,378,373,283,347,416,261,367,378,316,189,319,391,391,177,263,324,320,329,224,345,299,391,334,378,391,313,273,320,
275,378,345,224,333,416,252,333,378,177,305,284,391,391,312,250,324,324,324,283,345,246,391,134,378,391,177,238,320,
378,345,204,333,416,204,333,378,231,167,284,391,391,177,204,324,320,324,177,345,246,391,257,378,391,225,204,320,
347,329,319,187,329,340,311,345,378,289,289,274,345,329,250,218,300,345,245,300,354,378,296,347,378,329,218,
289,167,335,289,121,177,307,345,213,213,234,340,289,261,351,196,311,266,258,202,345,201,202,345,289,340,
276,370,143,276,329,172,225,211,344,344,236,141,266,261,266,191,289,160,344,204,329,344,204,126,261,
306,276,149,196,294,333,193,220,220,311,276,218,323,141,294,224,241,220,333,196,220,333,276,311,
370,328,299,384,416,314,277,259,384,370,273,278,288,384,246,345,342,416,284,335,416,370,278,
278,329,203,204,211,344,344,207,71,266,261,266,159,289,175,344,230,329,344,204,126,261,
196,294,333,201,220,223,333,277,250,344,183,304,255,241,220,333,196,220,333,276,333,
345,378,266,149,177,345,329,211,316,211,345,213,300,189,378,134,177,378,329,304,
272,236,359,359,279,202,284,291,284,241,307,187,359,177,345,359,177,187,279,
284,391,391,177,204,324,320,324,177,345,249,391,290,378,391,268,211,320,
283,283,281,211,177,293,177,245,211,166,283,284,266,283,284,211,282,
134,359,344,234,293,234,359,202,316,223,391,127,213,391,344,282,
359,344,234,279,234,359,202,316,245,391,149,234,391,344,266,
209,284,279,293,167,307,259,359,298,345,359,275,222,279,
266,261,266,161,289,174,344,229,329,344,204,120,261,
257,189,284,140,227,270,324,211,261,324,266,240,
305,279,251,274,358,320,301,351,320,261,129,
284,196,227,234,324,211,234,324,266,293,
307,216,359,268,345,359,236,175,279,
258,274,345,189,266,345,289,234,
316,246,300,316,246,160,259,
391,213,113,391,344,347,
378,391,149,216,320,
201,378,329,289,
391,344,340,
204,320,
261