NAME = AISearchfile058,
SIZE = 58,
1950,2636,1214,1135,532,435,508,2855,666,1096,1733,2959,394,846,2026,1484,1193,1060,975,490,599,314,2740,194,1517,1710,2072,926,2889,287,2142,1811,4645,1196,2470,856,137,234,772,3027,359,2535,990,3104,2185,1557,335,2635,693,3538,98,1127,1424,1407,2875,3860,2906,
2368,2324,1002,1612,1542,1610,1256,1116,2336,3143,4038,2123,2094,452,2627,2582,2057,2083,1612,2058,1990,1141,2020,259,2805,3082,1252,1377,1702,564,2686,5724,754,1422,1275,1748,1811,2624,1428,1841,936,801,1647,3346,2806,1642,669,1461,4572,1849,2393,2693,2517,1267,4929,1869,
3500,3937,3006,2936,3008,2170,2824,3457,4274,4391,2763,3207,2107,3392,2941,3093,3336,2013,2884,2730,2083,2522,2390,3939,4208,3503,2040,2844,1991,4092,6083,3116,947,3236,2464,2364,2973,2108,2934,2109,2922,1571,4363,3843,3026,2437,2120,4925,2543,3512,3710,3643,1958,5298,806,
1485,879,777,702,3551,1367,189,851,3535,959,368,2727,788,2089,482,432,1495,758,909,3441,1039,2532,701,1494,1275,3531,826,2841,606,5221,1570,3493,1210,1214,1311,1398,4225,848,3236,2243,3906,887,359,756,3124,1716,4069,1037,254,224,283,3397,4436,3929,
618,700,772,2245,694,1342,2309,4265,1290,1117,1441,1755,2819,1231,1246,1608,1225,1050,2130,1148,1210,1971,2243,257,2366,781,1557,2082,5951,248,2413,279,1188,1248,2128,2417,871,1925,456,2636,2353,1824,802,1658,1282,4799,1019,1416,1695,1678,2265,5166,2844,
97,86,2644,563,761,1693,3236,688,511,1870,1143,1790,625,640,983,623,334,2559,543,1339,1355,1637,523,2831,169,1984,1475,4922,858,2859,339,588,692,1101,2846,268,2354,887,3032,1742,1218,199,2087,1083,3770,416,810,1079,1072,2606,4137,3295,
72,2764,586,652,1596,3073,590,408,1954,1046,1622,524,536,919,525,337,2649,448,1441,1258,1535,498,2913,98,2068,1139,4759,8700,2791,429,486,590,1009,2936,171,2444,1021,3122,1645,1115,102,2358,1015,3607,319,707,982,970,2595,3969,3227,
2836,658,722,1668,3145,602,392,2274,1118,1770,506,528,991,577,407,2721,520,1434,1340,1489,570,2985,170,2388,1356,4902,856,2864,554,558,662,1081,3008,243,2527,1093,3199,1717,1099,170,2430,1087,3750,391,691,1059,802,2667,4117,3299,
2183,3431,4385,4959,3180,3187,954,3846,3304,3295,3310,2617,3185,2895,125,2939,1326,4050,4319,2324,130,2773,1068,4148,6675,2004,1233,2524,2683,2746,3583,190,2849,372,1865,693,4589,3899,2857,627,2420,5533,2712,3486,3848,3754,200,5890,1669,
1247,2196,3060,991,1003,1354,1511,1609,1106,1126,908,996,706,2068,750,851,1861,2130,260,2223,584,1260,1959,4746,524,2493,434,494,557,1442,2355,660,1863,324,2535,2230,1710,668,1600,716,3594,523,1297,1577,1565,2089,3961,2929,
1090,3440,841,250,2620,888,1989,364,124,1452,640,791,3316,921,2098,940,1232,1165,3545,708,2736,855,5126,1582,3430,1063,1096,1191,1298,3603,730,3110,1671,3786,1126,598,754,2845,1653,3974,919,138,347,489,3451,4341,3866,
4505,1783,1192,3556,1438,2759,1306,1138,2265,837,1740,4270,1863,3351,273,254,2094,4362,1650,3670,229,5891,2389,4243,2037,2038,2134,2070,4557,1672,4065,2510,4739,607,492,1580,3936,2466,4739,1783,960,629,435,4221,5106,4679,
2590,3190,4068,3024,1456,3061,3314,2388,2808,2902,4848,2667,3718,3875,4144,3307,4835,3140,4182,4002,1686,3590,4328,3481,2613,2513,2149,5060,2942,4549,3385,4962,4408,3825,3083,4316,2551,544,2761,3495,3752,3579,4701,901,4764,
591,2351,607,1144,705,720,754,366,287,3065,345,2331,1445,1717,1088,3214,560,2465,1493,4276,1369,2732,1014,498,589,455,3352,329,2860,1315,3366,1827,1236,488,2963,955,3124,432,856,1169,1152,3185,3491,3168,
2379,638,1734,114,129,1202,390,5410,3072,671,1860,854,1126,915,3163,458,2267,965,4876,1347,3129,846,846,950,1041,3359,480,2866,1328,3542,1236,711,388,2601,1352,3724,669,300,578,561,3029,4091,3565,
2871,2650,2466,2486,1726,2356,2066,839,2235,522,3221,3490,1524,925,1944,114,3319,5784,1226,1170,1720,1854,1917,2692,1126,2020,656,1061,1385,3590,3070,1960,367,1529,4642,1883,2678,3047,2925,815,4999,1601,
1578,524,767,1383,520,578,3585,742,2951,1288,1185,1771,3734,1096,2905,1200,4720,1989,3365,1470,1076,1174,887,3872,842,3380,1835,3998,1471,943,976,3399,1588,3558,892,945,1216,938,3600,3925,3801,
1615,1868,932,1362,1451,3338,1216,2278,2429,2698,1861,3417,1694,2543,2624,3142,2139,2910,2035,1162,1062,693,3642,1491,3131,1939,3544,2957,2379,1639,2870,1133,1990,1310,2044,2300,2133,3283,2357,3346,
243,1109,274,439,3180,705,1974,968,1240,1022,3277,572,2580,1016,4747,1303,3066,971,960,1064,926,3467,594,2975,1542,3635,1350,759,502,2878,1289,3595,635,374,692,675,3134,3962,3502,
1332,519,670,3200,800,1189,984,1274,1044,3402,587,2600,908,5000,1329,3315,969,975,1078,1177,3487,609,2995,1450,3665,1177,639,517,2878,1538,3848,798,178,652,709,3158,4215,3751,
875,721,2414,517,1350,1930,2199,1174,2493,827,1619,2087,4074,1438,1986,1348,459,359,974,2718,774,2211,1238,2620,2358,1838,880,1946,209,2922,607,1507,1705,1634,2359,3289,2422,
287,3070,367,2266,708,1635,1023,3219,455,2470,1293,4494,1304,2889,949,631,728,673,3036,354,2865,1546,3487,1564,1036,523,2878,1112,3342,447,652,968,478,3120,3709,3325,
2780,279,1557,1395,1882,835,2991,217,2182,1505,4588,2699,2699,771,451,546,760,3067,158,2575,1030,3333,1776,1248,235,2713,922,3436,276,846,1119,1102,2915,3803,3135,
2923,1211,3935,4204,2209,184,2658,953,4041,6472,1889,1146,2409,2568,2651,3380,297,2734,257,1750,800,4306,3784,2753,512,2217,5330,2597,3371,3744,3639,135,5687,1582,
1878,1525,1797,946,2973,383,2349,1849,4353,1266,2495,852,239,288,696,3114,287,2619,1074,3129,2093,1592,342,2691,718,3201,192,978,1249,1232,3043,3568,2931,
3033,2986,1460,1447,1435,636,2899,5404,962,1446,1123,1345,1408,2286,1498,2049,1006,1394,1681,3554,2570,1543,739,1199,4252,2042,2159,2901,2725,1337,4619,1882,
312,1756,4017,1312,3335,354,5561,2051,3908,1698,1700,1798,1740,4222,1335,3730,2182,4401,562,342,942,3601,2131,4409,1423,806,479,213,3883,4776,4344,
2033,4504,1584,3604,300,5830,2328,4181,1967,1972,2076,2009,4491,1606,3999,2454,4673,760,634,1514,3870,2400,4678,1795,1096,771,413,4155,5045,4617,
2449,844,1638,1637,4993,498,2742,184,754,817,1488,2496,669,2004,554,2676,2151,1627,600,1737,965,3841,783,1214,1480,1468,2339,4208,3178,
2869,924,4128,6553,1972,1103,2492,2717,2655,3459,228,2883,343,1934,681,4399,3870,2891,594,2296,4875,2746,3462,3741,3724,147,5766,1544,
1844,1423,4826,948,2700,502,411,508,1004,2945,75,2453,908,3125,1694,1165,80,2182,923,3674,227,757,1036,1019,2793,4041,3136,
3433,5676,1340,1284,1834,1968,2031,2585,1240,2134,770,1175,1273,3706,3184,2074,330,1422,4756,1997,2566,2845,3039,931,5113,1715,
5756,1932,4065,1802,1839,1931,1935,4320,1444,3828,2293,4503,262,257,1352,3716,2288,4604,1638,730,394,547,4004,4971,4501,
5271,6044,5167,4299,4199,3830,6776,4628,6265,5071,6678,6089,5511,4771,6002,4267,2230,4447,5181,5423,5265,6417,785,6480,
2105,527,994,1057,1972,2176,1087,1684,432,2395,2592,1908,888,1417,1238,4124,1095,1646,1939,1763,1834,4708,2417,
2571,2314,2213,2952,1171,2777,1172,1994,634,4036,3816,2770,1425,1789,4902,2492,3428,3683,3616,1011,5259,446,
889,993,1433,2696,567,2204,600,2804,2073,1553,533,1937,1145,4015,722,1140,1420,1402,2267,4615,3004,
112,1063,2855,315,2406,818,2948,2082,1560,389,2266,537,3147,184,1145,1424,1407,2563,3514,2750,
964,2918,419,2305,881,2846,2179,1672,497,2166,436,3047,282,1249,1421,1511,2623,3414,2649,
3684,941,3173,2553,3586,2266,1686,950,2906,1175,2688,894,1353,1609,1444,3322,3045,3388,
3021,549,2037,537,4591,4171,3162,799,2521,5634,2884,3658,4020,3926,366,5991,1607,
2529,984,3201,1716,1187,107,2251,1000,3476,148,1079,1153,1041,2766,3843,3213,
1545,1052,4099,3579,2537,307,2010,5123,2392,3165,3547,3434,211,5480,1608,
2217,2654,2040,992,1278,1030,3919,847,1627,1901,1889,1876,4286,2425,
4774,4249,3209,1302,2423,5536,3064,3841,4116,4108,817,5893,1070,
528,1747,3987,2559,4947,1905,992,665,818,4265,5304,4772,
1095,3467,2039,4359,1381,476,137,290,3736,4791,4252,
2263,960,3617,217,687,967,949,2697,3986,3206,
1743,4850,2515,3049,3334,3305,464,5217,1861,
3125,715,1651,1906,1839,2162,3482,2225,
3294,4029,4291,4113,5274,1445,5338,
968,1301,1230,2914,3662,2928,
474,531,3328,4396,3864,
176,3607,4648,4119,
3590,4480,4052,
5632,1451,
5695