NAME = AISearchfile026,
SIZE = 26,
26,77,100,146,54,107,89,89,99,83,122,160,122,11,11,190,142,86,98,47,124,95,92,84,67,
49,65,112,52,58,63,75,56,62,87,136,46,93,40,128,87,53,38,129,26,27,46,61,31,
141,85,70,79,54,82,103,139,94,102,93,11,9,157,61,43,100,64,74,76,151,116,55,
188,122,181,139,132,111,148,157,179,197,64,93,127,188,155,194,80,202,116,125,109,136,
103,148,91,119,153,89,180,222,124,54,22,280,181,175,165,106,172,156,80,91,135,
95,114,110,98,62,83,140,68,59,22,212,110,100,82,71,62,66,44,84,74,
51,130,130,37,190,161,182,107,9,197,128,121,190,27,160,99,81,51,103,
95,64,65,93,163,62,34,37,205,98,66,77,55,68,62,93,135,82,
98,90,92,129,86,39,20,189,141,93,74,71,70,31,88,58,76,
88,111,140,96,36,18,178,133,102,78,92,88,68,95,100,36,
53,107,68,42,11,186,63,42,109,133,87,40,91,81,34,
185,157,90,26,268,173,181,180,64,147,148,113,116,156,
223,77,50,220,230,206,193,135,228,172,144,158,198,
63,68,241,155,148,147,30,160,130,93,71,156,
83,102,92,62,29,53,34,34,35,65,24,
51,44,73,13,42,33,23,39,26,15,
257,250,278,186,272,210,154,196,223,
159,125,68,152,117,74,78,156,
139,56,112,127,37,54,152,
39,185,135,87,87,128,
96,20,59,72,32,
117,75,64,127,
63,71,81,
169,91,
78