NAME = AISearchfile017,
SIZE = 17,
202,80,165,262,134,77,351,572,63,555,150,390,196,83,324,421,
685,246,364,349,289,426,542,483,332,745,121,157,472,528,237,
383,476,530,112,120,150,267,372,108,238,488,47,61,329,
199,207,448,202,240,57,123,268,518,140,420,239,53,
289,444,402,196,495,505,182,29,360,191,353,638,
309,34,154,29,259,105,236,105,346,110,240,
257,227,390,264,184,96,91,439,250,95,
169,633,232,391,153,661,287,352,578,
383,175,326,301,412,68,208,297,
249,145,336,228,254,154,435,
243,36,338,27,282,437,
142,336,211,74,466,
55,84,35,297,
189,292,314,
567,70,
324