NAME = AISearchfile048,
SIZE = 48,
740,881,1125,653,819,1507,2421,227,326,803,820,833,1473,763,1114,370,580,361,1969,1474,290,519,1982,1878,875,173,180,400,1501,1467,1580,442,161,384,413,1338,1252,355,743,1226,776,697,2138,776,578,847,1427,
758,641,1584,798,1148,1420,369,1333,726,919,1250,335,594,1580,992,525,352,1759,1212,1898,194,1049,406,242,1421,560,252,334,341,393,454,1169,879,543,690,2072,1222,375,1304,1082,506,1975,2237,1251,524,2049,
443,2568,1836,1430,1494,1007,271,328,1579,2099,1089,360,1299,552,1753,598,2172,1184,2059,1472,330,582,400,585,666,1094,1341,503,1019,1556,1727,279,783,985,973,666,1244,2394,83,685,2428,1698,1038,451,562,
1688,1364,959,1631,516,1188,343,847,925,999,1204,701,216,123,1176,1836,1124,1717,923,346,504,751,1283,1251,546,596,374,238,548,459,902,805,235,229,443,949,681,1156,90,959,495,613,1214,2203,
347,896,2301,2571,2166,940,1506,1157,1744,1949,2374,1926,2405,930,2013,1986,1176,781,2300,2523,2139,2594,1446,1490,1802,1645,2264,995,1858,1483,2043,534,2121,967,2699,1429,600,2410,1184,904,1963,2091,1550,
516,1022,760,952,1033,1114,1547,617,443,1315,1159,669,626,1885,837,1650,1212,1225,967,238,739,861,610,626,1017,583,815,617,482,630,309,358,1082,1137,1049,632,510,1943,414,670,723,2119,
1122,507,1039,252,1011,617,1235,189,999,823,1729,552,1252,1204,1961,1600,1776,828,444,631,503,1087,949,1207,849,1238,882,1256,1051,1291,702,1105,744,1584,792,1720,1359,882,1110,882,802,
1097,1760,188,405,1969,1018,713,570,838,721,853,2066,482,1508,514,1592,1081,662,1210,533,1171,1905,1604,652,641,1560,864,748,957,1374,1815,1479,632,761,1092,973,609,646,260,292,
1716,316,1153,1393,538,165,947,429,745,917,1849,1769,2151,2044,357,1185,466,1369,700,177,581,626,1617,767,251,976,1056,361,1552,504,344,1457,755,721,1369,695,894,780,1438,
1441,652,1260,2339,1347,482,1643,732,813,2425,1087,826,898,1906,1024,795,1726,1255,872,1111,1181,1241,665,848,1698,983,736,1763,424,445,968,919,949,1681,130,1152,2085,604,
780,1568,188,826,483,476,883,741,947,269,1709,1828,1857,818,309,311,1275,1829,90,331,107,319,1309,939,907,594,500,312,362,1254,435,480,1467,642,1038,915,1178,
1356,397,915,754,1317,586,582,1286,565,1573,2336,1155,569,679,1300,846,1163,1060,285,835,235,397,604,642,972,961,706,205,563,745,642,2114,1210,1149,1259,2198,
636,863,1200,987,1699,1398,1583,1148,443,875,1466,1972,484,1402,1492,1162,579,689,1925,953,1727,1453,371,504,1837,1845,387,1434,1829,1668,2182,668,2089,371,999,
1264,1105,1612,607,1560,2412,1094,1614,2435,2145,1049,559,1199,644,999,803,1399,937,290,197,129,605,866,557,669,836,820,1272,744,701,1903,757,690,1356,
1169,986,622,231,1475,807,1287,641,887,263,1034,739,481,865,435,1488,1000,155,340,803,1104,411,426,1131,1320,100,725,240,2455,510,428,1143,1802,
927,739,1266,1969,567,1890,1038,586,892,660,1286,676,1183,1605,1219,225,1447,1032,1100,939,879,533,833,715,940,676,821,1506,1621,936,325,2596,
166,932,1950,1095,1146,220,1137,1229,1061,554,541,1362,1092,863,1119,400,655,623,214,1735,1995,712,2136,440,1486,1335,2408,645,1129,293,831,
661,686,878,768,592,598,1315,1038,794,463,1144,390,432,529,918,817,1282,703,1397,488,526,521,492,847,290,2285,491,1098,1058,1171,
945,515,335,604,588,972,1023,1231,216,1157,548,676,917,921,550,674,396,486,341,236,853,1531,1353,1461,678,1327,1163,591,442,
2439,1888,177,1304,1427,685,2115,1633,2165,1497,982,2063,2055,2156,2290,2385,2445,1239,2540,1107,2708,1005,1371,2493,1576,825,1985,1758,
2520,861,1017,1654,392,358,1161,663,334,879,1358,316,1023,410,862,96,1291,827,330,1370,1227,920,1867,905,453,649,882,
1718,2204,1908,1865,1752,1644,229,1166,2237,2139,1704,1796,1240,1489,1500,940,1744,2108,1019,727,550,1030,2266,2179,969,1239,
595,2281,264,1187,928,2010,739,998,796,567,1326,354,1508,1835,603,303,738,268,2238,1553,1475,138,1021,1403,1042,
1263,1057,1794,1581,2083,1499,1749,1280,1453,1456,2202,2300,1446,1690,872,1499,1508,1036,1316,2333,356,1607,663,1783,
598,551,558,304,1198,908,1640,651,473,484,1191,951,653,547,1010,1539,182,1713,1114,457,1073,723,801,
1589,273,667,291,455,354,796,704,262,568,811,231,966,467,254,1723,1272,668,942,240,547,492,
803,222,588,197,476,1183,470,420,235,609,1152,983,781,618,308,435,1395,774,1173,552,1897,
950,928,720,645,1280,916,217,731,839,579,630,115,451,453,549,1891,1463,414,543,1936,
1025,699,1052,624,697,320,1511,1425,1479,469,1828,884,273,1519,678,2377,891,479,1480,
1079,981,180,525,630,700,930,973,939,703,1551,814,726,2734,296,721,813,1745,
1023,1009,455,1137,985,831,1796,649,1070,770,821,1473,1872,902,1493,456,959,
1326,325,590,792,1972,1335,1673,472,267,1861,1722,145,426,851,869,1374,
627,1213,1123,1004,818,1361,257,1178,410,790,1197,1057,219,816,937,
214,1119,1780,238,1029,483,499,815,154,1972,665,902,943,182,
812,369,521,1479,528,882,1603,350,1021,1461,485,337,667,
708,355,776,178,511,699,1524,2026,220,1157,862,742,
1525,623,919,1761,140,1138,2367,1008,454,388,1809,
924,1590,1496,983,572,1785,1056,1692,913,2485,
608,680,1051,358,1737,490,318,1086,1359,
660,259,317,2117,1306,779,410,1298,
699,402,2380,996,587,478,1983,
809,1787,330,587,325,1941,
1724,345,749,483,2147,
2082,2101,1376,1938,
429,428,396,
740,1240,
664