NAME = AISearchfile021,
SIZE = 21,
865,205,590,545,250,835,660,420,265,235,480,705,610,655,370,610,605,81,520,360,
395,475,605,91,97,215,205,405,400,415,160,385,285,280,67,570,345,120,365,
425,155,205,170,290,140,240,590,220,150,255,255,380,220,390,480,100,515,
240,495,500,380,475,485,175,120,430,155,645,105,91,110,600,295,280,
355,29,225,475,315,485,510,240,350,190,150,90,96,170,390,625,
285,190,715,375,435,635,175,585,515,165,430,78,415,350,350,
77,165,125,680,36,640,540,615,345,27,130,455,490,320,
270,170,450,545,440,180,345,495,430,310,625,690,420,
750,255,650,125,310,480,480,235,230,265,200,125,
445,87,600,525,495,140,220,170,160,235,240,
385,320,265,755,280,650,150,440,350,370,
535,390,585,305,300,320,295,425,370,
200,555,240,440,63,575,380,155,
775,380,48,480,245,460,590,
350,235,625,480,750,585,
505,280,340,310,185,
320,435,575,68,
465,605,700,
440,380,
370