NAME = AISearchfile042,
SIZE = 42,
128,49,41,74,69,56,86,82,160,58,76,34,59,155,62,113,40,42,63,49,11,33,64,61,56,23,75,67,60,126,29,97,128,104,90,20,95,66,53,25,97,
32,124,108,146,19,83,91,186,86,97,102,86,174,85,101,59,30,71,75,21,97,103,146,46,48,69,111,34,120,29,96,146,142,104,108,150,87,51,53,142,
93,39,46,87,46,84,28,188,112,134,98,29,66,47,47,91,69,95,11,166,51,83,106,12,44,116,89,30,36,46,36,27,78,99,34,166,75,39,38,
46,59,98,172,63,158,37,59,37,62,147,67,99,37,71,47,46,17,30,36,57,52,13,172,65,136,126,43,148,97,121,71,45,25,53,38,23,30,
67,44,89,54,155,55,81,18,42,127,50,101,39,30,35,46,21,35,43,76,23,14,78,79,62,159,23,121,124,136,75,34,81,61,43,14,44,
64,130,52,133,57,59,26,51,114,47,85,32,41,25,53,9,18,31,74,32,30,90,86,83,160,24,164,111,134,84,41,42,61,49,24,41,
36,111,34,164,114,171,64,27,84,29,87,93,71,96,8,171,46,102,62,37,80,77,77,46,60,40,14,21,40,137,39,147,107,40,22,
42,77,182,34,129,82,80,49,60,30,48,53,77,21,157,38,185,47,49,114,50,89,122,62,117,62,68,61,151,63,167,60,70,36,
128,80,103,78,81,117,81,144,50,63,85,40,20,62,81,66,98,24,43,117,105,104,41,56,156,115,104,75,71,92,44,35,60,
119,124,139,93,185,118,140,69,33,57,101,26,113,60,133,54,43,78,126,53,164,58,139,143,142,130,159,120,119,72,58,75,
88,11,92,116,86,88,71,186,109,71,25,3,105,47,147,32,176,108,144,134,54,161,84,78,101,41,63,5,64,41,83,
84,62,123,107,140,63,83,98,67,23,82,99,71,66,41,36,108,69,110,57,77,150,130,149,69,62,86,72,46,88,
50,118,58,65,41,97,70,56,9,29,51,35,93,21,151,70,176,163,32,161,71,101,65,35,36,55,62,38,46,
107,62,142,15,91,38,59,10,59,61,70,59,17,72,71,74,97,20,65,137,104,114,54,52,80,60,26,66,
118,138,54,36,59,83,31,95,71,159,48,26,84,129,41,165,46,94,133,178,143,135,155,90,84,35,106,
150,25,97,62,66,5,53,53,70,79,15,77,66,102,86,31,64,142,110,108,72,78,98,20,22,64,
120,77,126,135,35,62,109,105,119,76,59,185,22,106,99,78,187,170,181,73,123,107,124,85,93,
32,39,60,15,38,34,40,42,21,59,61,99,82,50,58,105,72,88,54,44,60,61,49,27,
113,72,3,117,50,66,105,15,50,110,48,32,36,34,45,34,115,96,50,192,44,9,43,
47,12,87,91,51,111,30,51,75,66,61,42,56,130,96,98,53,55,150,53,29,85,
6,66,62,60,31,18,45,77,56,71,16,90,130,105,106,46,49,74,58,17,39,
6,20,18,20,8,5,11,29,22,9,30,10,27,40,12,12,6,17,45,8,
65,21,91,15,125,79,144,139,45,156,60,67,67,33,40,12,45,27,45,
44,92,20,34,115,30,49,24,43,136,141,90,48,91,113,36,28,83,
60,25,147,79,110,155,36,179,98,122,107,46,60,64,48,33,42,
21,64,88,63,49,28,46,85,59,115,73,55,186,36,33,42,
27,26,32,45,47,50,41,31,49,29,15,32,20,39,28,
28,85,73,69,118,57,63,48,178,49,188,27,55,32,
35,105,51,84,146,124,145,64,86,77,68,46,108,
48,81,44,29,28,23,176,44,180,88,54,26,
62,137,124,123,106,163,87,124,93,42,63,
36,90,62,84,34,35,48,62,37,31,
80,94,77,131,76,140,87,68,51,
161,191,103,100,94,125,81,112,
120,102,123,90,90,34,140,
67,109,114,99,63,126,
34,41,49,24,38,
84,39,24,89,
77,38,111,
21,36,
28